
-----------------------------------------------------------------------------------------------------------------------------------------------------------------
|     0  1  2  3  4  5  6  7  |  8  9 10 11 12 13 14 15 | 16 17 18 19 20 21 22 23 | 24 25 26 27 28 29 30 31 | 32 33 34 35 36 37 38 39 | 40 41 42 43 44 45 46 47 |
|---------------------------------------------------------------------------------------------------------------------------------------------------------------|
| 0 | Byte 0     | Byte 2     | Byte 4     | Byte 6     | Byte 8     | Byte 10    | Byte 12    | Byte 14    | Byte 16    | Byte 18    | Byte 20    | Byte 22    | 
| 1 |            |            |            |            |            |            |            |            |            |            |            |            |
|   |-----------------------------------------------------------------------------------------------------------------------------------------------------------|
| 2 | Byte 1     | Byte 3     | Byte 5     | Byte 7     | Byte 9     | Byte 11    | Byte 13    | Byte 15    | Byte 17    | Byte 19    | Byte 21    | Byte 23    | 
| 3 |            |            |            |            |            |            |            |            |            |            |            |            |
|   |-----------------------------------------------------------------------------------------------------------------------------------------------------------|
| 4 | Byte 24    | Byte 26    | Byte 28    | Byte 30    | Byte 32    | Byte 34    | Byte 36    | Byte 38    | Byte 40    | Byte 42    | Byte 44    | Byte 46    | 
| 5 |            |            |            |            |            |            |            |            |            |            |            |            |
|   |-----------------------------------------------------------------------------------------------------------------------------------------------------------|
| 6 | Byte 25    | Byte 27    | Byte 29    | Byte 31    | Byte 33    | Byte 35    | Byte 37    | Byte 39    | Byte 41    | Byte 43    | Byte 45    | Byte 47    | 
| 7 |            |            |            |            |            |            |            |            |            |            |            |            |
-----------------------------------------------------------------------------------------------------------------------------------------------------------------

-----------------------------------------------------------------------------------------------------------------------------------------------------------------
|     0  1  2  3  4  5  6  7  |  8  9 10 11 12 13 14 15 | 16 17 18 19 20 21 22 23 | 24 25 26 27 28 29 30 31 | 32 33 34 35 36 37 38 39 | 40 41 42 43 44 45 46 47 |
|---------------------------------------------------------------------------------------------------------------------------------------------------------------|
| 0 | 0  1  2  3 | 0  1  2  3 | 0  1  2  3 | 0  1  2  3 | 0  1  2  3 | 0  1  2  3 | 0  1  2  3 | 0  1  2  3 | 0  1  2  3 | 0  1  2  3 | 0  1  2  3 | 0  1  2  3 | 
| 1 | 4  5  6  7 | 4  5  6  7 | 4  5  6  7 | 4  5  6  7 | 4  5  6  7 | 4  5  6  7 | 4  5  6  7 | 4  5  6  7 | 4  5  6  7 | 4  5  6  7 | 4  5  6  7 | 4  5  6  7 |
|   |-----------------------------------------------------------------------------------------------------------------------------------------------------------|
| 2 | 0  1  2  3 | 0  1  2  3 | 0  1  2  3 | 0  1  2  3 | 0  1  2  3 | 0  1  2  3 | 0  1  2  3 | 0  1  2  3 | 0  1  2  3 | 0  1  2  3 | 0  1  2  3 | 0  1  2  3 | 
| 3 | 4  5  6  7 | 4  5  6  7 | 4  5  6  7 | 4  5  6  7 | 4  5  6  7 | 4  5  6  7 | 4  5  6  7 | 4  5  6  7 | 4  5  6  7 | 4  5  6  7 | 4  5  6  7 | 4  5  6  7 |
|   |-----------------------------------------------------------------------------------------------------------------------------------------------------------|
| 4 | 0  1  2  3 | 0  1  2  3 | 0  1  2  3 | 0  1  2  3 | 0  1  2  3 | 0  1  2  3 | 0  1  2  3 | 0  1  2  3 | 0  1  2  3 | 0  1  2  3 | 0  1  2  3 | 0  1  2  3 | 
| 5 | 4  5  6  7 | 4  5  6  7 | 4  5  6  7 | 4  5  6  7 | 4  5  6  7 | 4  5  6  7 | 4  5  6  7 | 4  5  6  7 | 4  5  6  7 | 4  5  6  7 | 4  5  6  7 | 4  5  6  7 |
|   |-----------------------------------------------------------------------------------------------------------------------------------------------------------|
| 6 | 0  1  2  3 | 0  1  2  3 | 0  1  2  3 | 0  1  2  3 | 0  1  2  3 | 0  1  2  3 | 0  1  2  3 | 0  1  2  3 | 0  1  2  3 | 0  1  2  3 | 0  1  2  3 | 0  1  2  3 | 
| 7 | 4  5  6  7 | 4  5  6  7 | 4  5  6  7 | 4  5  6  7 | 4  5  6  7 | 4  5  6  7 | 4  5  6  7 | 4  5  6  7 | 4  5  6  7 | 4  5  6  7 | 4  5  6  7 | 4  5  6  7 |
-----------------------------------------------------------------------------------------------------------------------------------------------------------------


-----------------------------------------------------------------------------------------------------------------------------------------------------------------
|     0  1  2  3  4  5  6  7  |  8  9 10 11 12 13 14 15 | 16 17 18 19 20 21 22 23 | 24 25 26 27 28 29 30 31 | 32 33 34 35 36 37 38 39 | 40 41 42 43 44 45 46 47 |
|---------------------------------------------------------------------------------------------------------------------------------------------------------------|
| 0 | Tile 0                  | Tile 2                  | Tile 4                  | Tile 6                  | Tile 8                  | Tile 10                 |
| 1 |                         |                         |                         |                         |                         |                         |
|   |-----------------------------------------------------------------------------------------------------------------------------------------------------------|
| 2 | Tile 1                  | Tile 3                  | Tile 5                  | Tile 7                  | Tile 9                  | Tile 11                 |
| 3 |                         |                         |                         |                         |                         |                         |
|   |-----------------------------------------------------------------------------------------------------------------------------------------------------------|
| 4 | Tile 24                 | Tile 26                 | Tile 28                 | Tile 30                 | Tile 32                 | Tile 34                 |
| 5 |                         |                         |                         |                         |                         |                         |
|   |-----------------------------------------------------------------------------------------------------------------------------------------------------------|
| 6 | Tile 25                 | Tile 27                 | Tile 29                 | Tile 31                 | Tile 33                 | Tile 35                 |
| 7 |                         |                         |                         |                         |                         |                         |
-----------------------------------------------------------------------------------------------------------------------------------------------------------------


